cust,demand,rank,abc,cumsum_cust
中津川建設合同会社 第 21 支店,53945862,0,A,53945862
小林保険有限会社 第 21 支店,44456359,1,A,98402221
株式会社浜田銀行 第 16 支店,29116607,2,A,127518828
青田鉱業株式会社 第 35 支店,23636891,3,A,151155719
合同会社江古田銀行 第 85 支店,21990370,4,A,173146089
田中銀行合同会社 第 82 支店,16579210,5,A,189725299
有限会社小林農林 第 21 支店,15042943,6,A,204768242
株式会社山岸食品 第 19 支店,14260865,7,A,219029107
合同会社近藤保険 第 27 支店,13974364,8,A,233003471
合同会社伊藤印刷 第 94 支店,13428801,9,A,246432272
田中鉱業有限会社 第 93 支店,12844318,10,A,259276590
石田建設株式会社 第 67 支店,12564535,11,A,271841125
笹田運輸有限会社 第 99 支店,11269864,12,A,283110989
合同会社吉田運輸 第 1 支店,10628326,13,A,293739315
斉藤保険有限会社 第 70 支店,9976273,14,A,303715588
合同会社原田情報 第 75 支店,9116366,15,A,312831954
有限会社杉山食品 第 93 支店,8270646,16,A,321102600
有限会社山本保険 第 99 支店,8113469,17,A,329216069
株式会社斉藤ガス 第 99 支店,8078870,18,A,337294939
有限会社石田水産 第 25 支店,7433772,19,A,344728711
渚保険有限会社 第 96 支店,6901167,20,A,351629878
吉本電気有限会社 第 39 支店,6073844,21,A,357703722
山口建設有限会社 第 48 支店,5887198,22,A,363590920
合同会社野村鉱業 第 25 支店,5873518,23,A,369464438
株式会社若松鉱業 第 20 支店,5717335,24,A,375181773
工藤鉱業株式会社 第 66 支店,5686600,25,A,380868373
中津川ガス有限会社 第 78 支店,5575464,26,A,386443837
桐山農林株式会社 第 64 支店,5499844,27,A,391943681
大垣鉱業有限会社 第 81 支店,5370290,28,A,397313971
株式会社斉藤電気 第 18 支店,5365895,29,A,402679866
有限会社三宅通信 第 28 支店,5163879,30,A,407843745
株式会社中村銀行 第 30 支店,4672538,31,A,412516283
渡辺建設株式会社 第 24 支店,4605296,32,A,417121579
吉本ガス有限会社 第 81 支店,4404910,33,A,421526489
小林印刷合同会社 第 56 支店,4267535,34,A,425794024
合同会社宮沢保険 第 83 支店,4093222,35,A,429887246
有限会社工藤水産 第 21 支店,3978323,36,A,433865569
青山食品合同会社 第 18 支店,3961044,37,A,437826613
佐藤情報有限会社 第 24 支店,3783922,38,A,441610535
坂本印刷有限会社 第 46 支店,3412277,39,A,445022812
有限会社近藤水産 第 51 支店,3280959,40,A,448303771
宇野農林有限会社 第 32 支店,2809544,41,A,451113315
合同会社渚水産 第 70 支店,2805860,42,A,453919175
有限会社石田電気 第 37 支店,2782924,43,A,456702099
有限会社中島保険 第 57 支店,2748702,44,A,459450801
合同会社宇野通信 第 16 支店,2727193,45,A,462177994
宮沢ガス有限会社 第 94 支店,2709114,46,A,464887108
吉田銀行合同会社 第 35 支店,2682713,47,A,467569821
石田建設株式会社 第 80 支店,2672739,48,A,470242560
渚運輸株式会社 第 83 支店,2643315,49,A,472885875
青田農林株式会社 第 44 支店,2625578,50,A,475511453
合同会社吉本ガス 第 67 支店,2603149,51,A,478114602
喜嶋運輸有限会社 第 70 支店,2531695,52,A,480646297
合同会社渚情報 第 1 支店,2490065,53,A,483136362
合同会社山本建設 第 87 支店,2456016,54,A,485592378
有限会社宮沢農林 第 39 支店,2372630,55,A,487965008
吉田銀行有限会社 第 98 支店,2260473,56,A,490225481
喜嶋食品有限会社 第 59 支店,2211747,57,A,492437228
株式会社原田ガス 第 3 支店,2196283,58,A,494633511
株式会社西之園農林 第 30 支店,2150290,59,A,496783801
合同会社笹田運輸 第 99 支店,2136731,60,A,498920532
大垣印刷合同会社 第 88 支店,2033544,61,A,500954076
坂本運輸有限会社 第 28 支店,1991250,62,A,502945326
有限会社小林通信 第 31 支店,1971291,63,A,504916617
有限会社廣川情報 第 48 支店,1967668,64,A,506884285
浜田食品有限会社 第 47 支店,1894939,65,A,508779224
津田農林株式会社 第 66 支店,1849535,66,A,510628759
笹田情報有限会社 第 74 支店,1840081,67,A,512468840
中津川鉱業合同会社 第 36 支店,1804307,68,A,514273147
吉本ガス株式会社 第 1 支店,1768564,69,A,516041711
合同会社石田水産 第 70 支店,1765807,70,A,517807518
合同会社山田農林 第 74 支店,1734408,71,A,519541926
中村運輸株式会社 第 45 支店,1723972,72,A,521265898
渚印刷株式会社 第 46 支店,1696360,73,A,522962258
株式会社笹田銀行 第 10 支店,1657682,74,A,524619940
有限会社山岸通信 第 78 支店,1624371,75,A,526244311
喜嶋建設合同会社 第 25 支店,1621934,76,A,527866245
加納食品合同会社 第 59 支店,1613836,77,A,529480081
吉本銀行株式会社 第 44 支店,1594199,78,A,531074280
小泉ガス有限会社 第 68 支店,1575004,79,A,532649284
株式会社三宅保険 第 51 支店,1572816,80,B,534222100
中津川印刷有限会社 第 96 支店,1558980,81,B,535781080
山岸情報株式会社 第 45 支店,1551876,82,B,537332956
西之園通信有限会社 第 3 支店,1542234,83,B,538875190
有限会社桐山ガス 第 50 支店,1470212,84,B,540345402
有限会社山岸水産 第 7 支店,1465414,85,B,541810816
西之園食品株式会社 第 7 支店,1445524,86,B,543256340
山本銀行有限会社 第 82 支店,1439696,87,B,544696036
合同会社江古田鉱業 第 4 支店,1439114,88,B,546135150
大垣銀行合同会社 第 80 支店,1426909,89,B,547562059
中村銀行合同会社 第 85 支店,1426019,90,B,548988078
合同会社西之園食品 第 30 支店,1413719,91,B,550401797
株式会社渚保険 第 70 支店,1380543,92,B,551782340
有限会社大垣銀行 第 25 支店,1373790,93,B,553156130
合同会社中村建設 第 86 支店,1373490,94,B,554529620
西之園情報合同会社 第 52 支店,1362246,95,B,555891866
有限会社山口通信 第 11 支店,1361373,96,B,557253239
合同会社大垣銀行 第 68 支店,1348884,97,B,558602123
株式会社渡辺建設 第 61 支店,1341905,98,B,559944028
有限会社喜嶋水産 第 14 支店,1341331,99,B,561285359
合同会社吉本ガス 第 26 支店,1313838,100,B,562599197
中島農林有限会社 第 48 支店,1310328,101,B,563909525
合同会社田辺水産 第 70 支店,1265619,102,B,565175144
笹田建設株式会社 第 8 支店,1240860,103,B,566416004
山田ガス株式会社 第 48 支店,1235135,104,B,567651139
小林農林有限会社 第 36 支店,1233980,105,B,568885119
藤本ガス有限会社 第 80 支店,1225379,106,B,570110498
合同会社中島鉱業 第 92 支店,1217173,107,B,571327671
合同会社小泉電気 第 85 支店,1195153,108,B,572522824
山口印刷有限会社 第 31 支店,1172028,109,B,573694852
株式会社小林鉱業 第 29 支店,1149361,110,B,574844213
有限会社宮沢建設 第 68 支店,1140686,111,B,575984899
近藤農林合同会社 第 43 支店,1113640,112,B,577098539
合同会社山田食品 第 32 支店,1112644,113,B,578211183
株式会社木村水産 第 6 支店,1084327,114,B,579295510
浜田運輸株式会社 第 13 支店,1081320,115,B,580376830
喜嶋運輸合同会社 第 13 支店,1049773,116,B,581426603
有限会社鈴木農林 第 42 支店,1038110,117,B,582464713
三宅運輸合同会社 第 94 支店,1031659,118,B,583496372
山岸電気有限会社 第 95 支店,1031426,119,B,584527798
青田銀行合同会社 第 65 支店,1024254,120,B,585552052
坂本保険株式会社 第 32 支店,1020941,121,B,586572993
田中ガス有限会社 第 34 支店,1015035,122,B,587588028
有限会社津田印刷 第 86 支店,1005149,123,B,588593177
有限会社若松情報 第 24 支店,1001512,124,B,589594689
青山情報株式会社 第 67 支店,1001183,125,B,590595872
三宅印刷株式会社 第 50 支店,993987,126,B,591589859
合同会社小林運輸 第 9 支店,982862,127,B,592572721
斉藤運輸合同会社 第 2 支店,959004,128,B,593531725
合同会社浜田運輸 第 94 支店,929041,129,B,594460766
株式会社木村運輸 第 60 支店,912162,130,B,595372928
中村食品株式会社 第 17 支店,904723,131,B,596277651
合同会社山岸農林 第 94 支店,895594,132,B,597173245
株式会社小泉電気 第 44 支店,892707,133,B,598065952
株式会社村山建設 第 48 支店,887134,134,B,598953086
合同会社近藤運輸 第 29 支店,879235,135,B,599832321
有限会社中島食品 第 87 支店,877970,136,B,600710291
宇野運輸株式会社 第 15 支店,875519,137,B,601585810
高橋水産有限会社 第 20 支店,874396,138,B,602460206
三宅ガス株式会社 第 57 支店,873382,139,B,603333588
株式会社小泉ガス 第 15 支店,865487,140,B,604199075
高橋電気株式会社 第 69 支店,862434,141,B,605061509
松本建設合同会社 第 96 支店,859512,142,B,605921021
合同会社井高情報 第 24 支店,854401,143,B,606775422
株式会社石田ガス 第 97 支店,848156,144,B,607623578
有限会社山岸情報 第 18 支店,844720,145,B,608468298
有限会社山田印刷 第 83 支店,841558,146,B,609309856
坂本電気有限会社 第 72 支店,836582,147,B,610146438
有限会社渡辺通信 第 35 支店,820025,148,B,610966463
合同会社渚農林 第 43 支店,808981,149,B,611775444
大垣運輸有限会社 第 88 支店,796005,150,B,612571449
株式会社原田運輸 第 63 支店,789151,151,B,613360600
工藤水産株式会社 第 26 支店,783196,152,B,614143796
有限会社青田鉱業 第 66 支店,776392,153,B,614920188
中津川農林合同会社 第 98 支店,776283,154,B,615696471
株式会社青田通信 第 31 支店,775275,155,B,616471746
合同会社伊藤印刷 第 78 支店,774171,156,B,617245917
笹田電気合同会社 第 21 支店,771512,157,B,618017429
三宅農林合同会社 第 2 支店,765834,158,B,618783263
野村電気有限会社 第 57 支店,760719,159,B,619543982
合同会社喜嶋情報 第 28 支店,737864,160,B,620281846
伊藤ガス株式会社 第 31 支店,722840,161,B,621004686
若松電気合同会社 第 50 支店,720928,162,B,621725614
宮沢水産株式会社 第 33 支店,719923,163,B,622445537
山田保険株式会社 第 96 支店,719040,164,B,623164577
合同会社渡辺銀行 第 70 支店,697784,165,B,623862361
鈴木ガス株式会社 第 79 支店,690997,166,B,624553358
田辺水産株式会社 第 84 支店,690090,167,B,625243448
有限会社井上印刷 第 24 支店,686640,168,B,625930088
藤本保険有限会社 第 24 支店,681903,169,B,626611991
株式会社宇野鉱業 第 15 支店,678126,170,B,627290117
有限会社杉山銀行 第 61 支店,667872,171,B,627957989
藤本保険株式会社 第 62 支店,667148,172,B,628625137
株式会社小泉電気 第 40 支店,660750,173,B,629285887
有限会社村山情報 第 35 支店,644596,174,B,629930483
有限会社西之園印刷 第 46 支店,634504,175,B,630564987
廣川電気株式会社 第 48 支店,632443,176,B,631197430
株式会社大垣食品 第 43 支店,616965,177,B,631814395
株式会社桐山情報 第 43 支店,616555,178,B,632430950
合同会社大垣通信 第 13 支店,613731,179,B,633044681
津田印刷株式会社 第 17 支店,606251,180,B,633650932
廣川ガス有限会社 第 100 支店,604242,181,B,634255174
浜田鉱業有限会社 第 89 支店,599836,182,B,634855010
合同会社加藤通信 第 64 支店,597427,183,B,635452437
有限会社若松ガス 第 51 支店,596272,184,B,636048709
株式会社杉山運輸 第 12 支店,595984,185,B,636644693
佐々木情報有限会社 第 3 支店,595103,186,B,637239796
伊藤水産有限会社 第 6 支店,585903,187,B,637825699
合同会社青田通信 第 12 支店,582915,188,B,638408614
有限会社木村水産 第 63 支店,580228,189,B,638988842
山口水産合同会社 第 34 支店,579347,190,B,639568189
株式会社佐藤農林 第 26 支店,577946,191,B,640146135
有限会社石田電気 第 76 支店,576411,192,B,640722546
田辺銀行株式会社 第 45 支店,571054,193,B,641293600
廣川銀行合同会社 第 25 支店,570620,194,B,641864220
株式会社井上電気 第 15 支店,569706,195,B,642433926
吉本農林株式会社 第 62 支店,567635,196,B,643001561
合同会社田辺保険 第 55 支店,566815,197,B,643568376
高橋保険合同会社 第 4 支店,563719,198,B,644132095
笹田通信有限会社 第 87 支店,563654,199,B,644695749
江古田銀行株式会社 第 47 支店,560003,200,B,645255752
株式会社江古田通信 第 54 支店,557949,201,B,645813701
合同会社三宅運輸 第 67 支店,556379,202,B,646370080
有限会社津田銀行 第 19 支店,554217,203,B,646924297
合同会社青田鉱業 第 45 支店,552192,204,B,647476489
株式会社三宅建設 第 60 支店,549514,205,B,648026003
株式会社渚通信 第 76 支店,543674,206,B,648569677
株式会社小泉銀行 第 1 支店,540335,207,B,649110012
合同会社小泉保険 第 6 支店,531536,208,B,649641548
合同会社渡辺建設 第 25 支店,527295,209,B,650168843
有限会社田中食品 第 29 支店,526267,210,B,650695110
藤本保険有限会社 第 78 支店,524990,211,B,651220100
有限会社伊藤運輸 第 88 支店,519037,212,B,651739137
合同会社宮沢電気 第 44 支店,516355,213,B,652255492
津田銀行有限会社 第 98 支店,511298,214,B,652766790
有限会社村山保険 第 56 支店,509504,215,B,653276294
株式会社西之園建設 第 79 支店,504744,216,B,653781038
有限会社杉山鉱業 第 38 支店,502239,217,B,654283277
近藤農林有限会社 第 2 支店,496458,218,B,654779735
浜田印刷株式会社 第 9 支店,495254,219,B,655274989
木村鉱業合同会社 第 66 支店,494613,220,B,655769602
有限会社佐藤通信 第 22 支店,487847,221,B,656257449
伊藤保険有限会社 第 4 支店,487160,222,B,656744609
株式会社田中ガス 第 20 支店,486669,223,B,657231278
山本ガス株式会社 第 58 支店,485144,224,B,657716422
合同会社桐山保険 第 64 支店,484902,225,B,658201324
伊藤食品有限会社 第 34 支店,480799,226,B,658682123
宮沢建設合同会社 第 80 支店,476785,227,B,659158908
有限会社吉本ガス 第 70 支店,475216,228,B,659634124
株式会社宮沢農林 第 42 支店,475196,229,B,660109320
株式会社中村銀行 第 95 支店,474646,230,B,660583966
野村農林合同会社 第 90 支店,468497,231,B,661052463
株式会社斉藤鉱業 第 10 支店,467386,232,B,661519849
三宅鉱業合同会社 第 75 支店,467041,233,B,661986890
有限会社廣川運輸 第 16 支店,465957,234,B,662452847
有限会社山口電気 第 35 支店,464269,235,B,662917116
有限会社松本印刷 第 100 支店,446335,236,B,663363451
有限会社渚鉱業 第 92 支店,445308,237,B,663808759
津田水産合同会社 第 64 支店,443960,238,B,664252719
株式会社木村通信 第 71 支店,437141,239,B,664689860
株式会社野村保険 第 59 支店,435867,240,B,665125727
株式会社青田農林 第 48 支店,435812,241,B,665561539
株式会社中津川通信 第 81 支店,435645,242,B,665997184
三宅印刷株式会社 第 24 支店,434578,243,B,666431762
株式会社笹田水産 第 36 支店,433191,244,B,666864953
合同会社石田電気 第 63 支店,430828,245,B,667295781
有限会社井高建設 第 99 支店,427889,246,B,667723670
藤本建設株式会社 第 50 支店,426874,247,B,668150544
合同会社高橋銀行 第 20 支店,426414,248,B,668576958
合同会社山田建設 第 7 支店,426277,249,B,669003235
有限会社大垣農林 第 72 支店,426000,250,B,669429235
有限会社加納建設 第 88 支店,425032,251,B,669854267
田辺鉱業合同会社 第 17 支店,424613,252,B,670278880
有限会社山田印刷 第 41 支店,424445,253,B,670703325
桐山食品有限会社 第 61 支店,423833,254,B,671127158
加藤建設株式会社 第 12 支店,421924,255,B,671549082
有限会社小林情報 第 4 支店,420092,256,B,671969174
伊藤食品合同会社 第 92 支店,418225,257,B,672387399
山口ガス株式会社 第 91 支店,417704,258,B,672805103
浜田食品株式会社 第 34 支店,417659,259,B,673222762
山口農林合同会社 第 12 支店,417160,260,B,673639922
合同会社桐山鉱業 第 35 支店,414486,261,B,674054408
合同会社中村食品 第 16 支店,413489,262,B,674467897
合同会社山田運輸 第 70 支店,411924,263,B,674879821
合同会社斉藤通信 第 8 支店,410386,264,B,675290207
合同会社浜田通信 第 5 支店,402389,265,B,675692596
工藤鉱業有限会社 第 71 支店,391626,266,B,676084222
合同会社若松電気 第 28 支店,388171,267,B,676472393
株式会社高橋食品 第 58 支店,387743,268,B,676860136
株式会社山口鉱業 第 90 支店,385119,269,B,677245255
青田農林株式会社 第 83 支店,384903,270,B,677630158
有限会社田中鉱業 第 74 支店,384886,271,B,678015044
株式会社浜田保険 第 19 支店,381905,272,B,678396949
渚食品合同会社 第 30 支店,380427,273,B,678777376
藤本建設有限会社 第 56 支店,379590,274,B,679156966
有限会社坂本ガス 第 19 支店,378901,275,B,679535867
渡辺情報合同会社 第 91 支店,375537,276,B,679911404
有限会社中島ガス 第 41 支店,374007,277,B,680285411
杉山情報合同会社 第 2 支店,368132,278,B,680653543
有限会社西之園運輸 第 64 支店,363306,279,B,681016849
喜嶋保険合同会社 第 10 支店,357215,280,B,681374064
有限会社佐々木電気 第 38 支店,356789,281,B,681730853
井上鉱業合同会社 第 54 支店,356673,282,B,682087526
合同会社山本銀行 第 45 支店,355311,283,B,682442837
宮沢建設有限会社 第 53 支店,350090,284,B,682792927
有限会社桐山ガス 第 25 支店,347572,285,B,683140499
山本運輸有限会社 第 32 支店,347433,286,C,683487932
有限会社石田保険 第 48 支店,346704,287,C,683834636
三宅銀行株式会社 第 7 支店,343714,288,C,684178350
株式会社宇野保険 第 1 支店,342370,289,C,684520720
木村鉱業有限会社 第 69 支店,340652,290,C,684861372
有限会社山田通信 第 72 支店,339987,291,C,685201359
近藤水産株式会社 第 14 支店,338402,292,C,685539761
合同会社吉本鉱業 第 35 支店,334173,293,C,685873934
株式会社伊藤運輸 第 25 支店,334143,294,C,686208077
喜嶋印刷合同会社 第 28 支店,331222,295,C,686539299
吉田運輸株式会社 第 17 支店,329621,296,C,686868920
株式会社井高銀行 第 37 支店,328166,297,C,687197086
有限会社小林情報 第 76 支店,327854,298,C,687524940
合同会社喜嶋農林 第 99 支店,327447,299,C,687852387
有限会社田中水産 第 19 支店,325568,300,C,688177955
井上銀行合同会社 第 78 支店,324225,301,C,688502180
株式会社大垣通信 第 52 支店,324143,302,C,688826323
有限会社野村水産 第 28 支店,323546,303,C,689149869
株式会社宇野銀行 第 88 支店,323304,304,C,689473173
高橋建設株式会社 第 76 支店,322031,305,C,689795204
株式会社山田ガス 第 33 支店,319727,306,C,690114931
有限会社藤本水産 第 18 支店,317140,307,C,690432071
野村通信株式会社 第 25 支店,316617,308,C,690748688
宮沢銀行合同会社 第 11 支店,316503,309,C,691065191
鈴木食品有限会社 第 88 支店,315983,310,C,691381174
合同会社山田水産 第 55 支店,314634,311,C,691695808
合同会社石田保険 第 47 支店,314360,312,C,692010168
合同会社宮沢印刷 第 62 支店,313412,313,C,692323580
有限会社宮沢銀行 第 41 支店,310832,314,C,692634412
鈴木電気有限会社 第 90 支店,310469,315,C,692944881
有限会社桐山鉱業 第 43 支店,308107,316,C,693252988
合同会社田中鉱業 第 28 支店,307740,317,C,693560728
浜田保険有限会社 第 97 支店,305672,318,C,693866400
吉田食品株式会社 第 26 支店,303193,319,C,694169593
合同会社渚建設 第 41 支店,301992,320,C,694471585
有限会社笹田通信 第 89 支店,297412,321,C,694768997
株式会社渡辺運輸 第 72 支店,296794,322,C,695065791
木村建設有限会社 第 91 支店,295659,323,C,695361450
山口銀行合同会社 第 67 支店,291716,324,C,695653166
有限会社佐藤通信 第 57 支店,291268,325,C,695944434
合同会社田辺運輸 第 64 支店,290156,326,C,696234590
田中電気合同会社 第 2 支店,290036,327,C,696524626
笹田情報合同会社 第 65 支店,289118,328,C,696813744
合同会社小林保険 第 1 支店,288067,329,C,697101811
吉田印刷有限会社 第 92 支店,287029,330,C,697388840
株式会社高橋情報 第 84 支店,286912,331,C,697675752
井高水産株式会社 第 48 支店,286602,332,C,697962354
株式会社桐山水産 第 29 支店,286129,333,C,698248483
有限会社原田情報 第 99 支店,285546,334,C,698534029
津田電気株式会社 第 86 支店,283927,335,C,698817956
合同会社渡辺保険 第 93 支店,283265,336,C,699101221
株式会社山田食品 第 6 支店,283264,337,C,699384485
合同会社山口農林 第 100 支店,282893,338,C,699667378
小林運輸合同会社 第 57 支店,277108,339,C,699944486
佐藤農林株式会社 第 13 支店,277047,340,C,700221533
山本運輸合同会社 第 22 支店,276455,341,C,700497988
有限会社宇野ガス 第 100 支店,275529,342,C,700773517
坂本食品合同会社 第 61 支店,271266,343,C,701044783
中島保険株式会社 第 75 支店,267188,344,C,701311971
井高運輸株式会社 第 100 支店,265110,345,C,701577081
有限会社加納ガス 第 85 支店,262226,346,C,701839307
山岸保険合同会社 第 25 支店,261727,347,C,702101034
合同会社山本ガス 第 74 支店,259336,348,C,702360370
中島食品株式会社 第 68 支店,258364,349,C,702618734
合同会社石田ガス 第 68 支店,257602,350,C,702876336
加納農林合同会社 第 21 支店,254261,351,C,703130597
合同会社渚鉱業 第 68 支店,253724,352,C,703384321
合同会社中村電気 第 63 支店,253650,353,C,703637971
小泉鉱業有限会社 第 49 支店,253082,354,C,703891053
田辺鉱業株式会社 第 41 支店,250346,355,C,704141399
山岸建設有限会社 第 92 支店,248179,356,C,704389578
加藤ガス有限会社 第 36 支店,247790,357,C,704637368
山本建設有限会社 第 5 支店,246834,358,C,704884202
山岸印刷有限会社 第 28 支店,245281,359,C,705129483
有限会社杉山鉱業 第 48 支店,244383,360,C,705373866
株式会社江古田保険 第 59 支店,241993,361,C,705615859
井高保険合同会社 第 19 支店,241771,362,C,705857630
有限会社津田農林 第 81 支店,240834,363,C,706098464
株式会社山本建設 第 55 支店,240149,364,C,706338613
株式会社高橋鉱業 第 96 支店,239906,365,C,706578519
合同会社伊藤銀行 第 17 支店,239233,366,C,706817752
合同会社山岸銀行 第 94 支店,237897,367,C,707055649
有限会社小林農林 第 30 支店,236288,368,C,707291937
斉藤鉱業有限会社 第 51 支店,236262,369,C,707528199
佐藤通信合同会社 第 95 支店,234938,370,C,707763137
株式会社井上電気 第 12 支店,234448,371,C,707997585
吉本運輸有限会社 第 84 支店,232072,372,C,708229657
株式会社松本通信 第 96 支店,231705,373,C,708461362
井高水産有限会社 第 24 支店,231397,374,C,708692759
中島鉱業株式会社 第 82 支店,231009,375,C,708923768
近藤農林合同会社 第 5 支店,230503,376,C,709154271
津田電気有限会社 第 1 支店,229714,377,C,709383985
加納印刷合同会社 第 98 支店,229654,378,C,709613639
加藤印刷株式会社 第 3 支店,229509,379,C,709843148
有限会社大垣建設 第 3 支店,227809,380,C,710070957
杉山水産有限会社 第 21 支店,227144,381,C,710298101
吉田通信有限会社 第 49 支店,226345,382,C,710524446
株式会社佐藤ガス 第 19 支店,225153,383,C,710749599
合同会社吉田保険 第 42 支店,224488,384,C,710974087
株式会社佐々木印刷 第 65 支店,224476,385,C,711198563
田辺保険合同会社 第 82 支店,221895,386,C,711420458
有限会社松本銀行 第 73 支店,221856,387,C,711642314
西之園運輸株式会社 第 40 支店,221202,388,C,711863516
合同会社田辺鉱業 第 6 支店,220349,389,C,712083865
有限会社鈴木水産 第 22 支店,218512,390,C,712302377
吉田建設合同会社 第 32 支店,217011,391,C,712519388
有限会社吉田電気 第 70 支店,215605,392,C,712734993
有限会社津田印刷 第 12 支店,215341,393,C,712950334
青田農林有限会社 第 99 支店,214765,394,C,713165099
中津川ガス合同会社 第 32 支店,213893,395,C,713378992
有限会社加藤銀行 第 18 支店,213273,396,C,713592265
桐山農林株式会社 第 11 支店,212935,397,C,713805200
青田保険有限会社 第 4 支店,209739,398,C,714014939
有限会社青田鉱業 第 73 支店,208427,399,C,714223366
合同会社村山農林 第 78 支店,208270,400,C,714431636
株式会社青田運輸 第 42 支店,206543,401,C,714638179
村山鉱業株式会社 第 54 支店,205213,402,C,714843392
山岸建設株式会社 第 88 支店,204106,403,C,715047498
杉山情報有限会社 第 72 支店,203387,404,C,715250885
合同会社若松農林 第 13 支店,203359,405,C,715454244
吉本水産有限会社 第 68 支店,202503,406,C,715656747
山田農林有限会社 第 88 支店,199925,407,C,715856672
津田情報株式会社 第 100 支店,197548,408,C,716054220
有限会社井上情報 第 51 支店,197528,409,C,716251748
鈴木運輸有限会社 第 59 支店,196842,410,C,716448590
斉藤通信有限会社 第 76 支店,196524,411,C,716645114
合同会社坂本通信 第 71 支店,193480,412,C,716838594
宇野建設株式会社 第 86 支店,193220,413,C,717031814
有限会社高橋農林 第 53 支店,193033,414,C,717224847
株式会社中津川通信 第 53 支店,191900,415,C,717416747
吉田鉱業株式会社 第 39 支店,191592,416,C,717608339
井高電気株式会社 第 45 支店,190854,417,C,717799193
株式会社中津川印刷 第 15 支店,190728,418,C,717989921
井上銀行株式会社 第 80 支店,190186,419,C,718180107
井高情報有限会社 第 19 支店,189433,420,C,718369540
株式会社工藤水産 第 80 支店,187818,421,C,718557358
中津川運輸合同会社 第 65 支店,187777,422,C,718745135
中村運輸有限会社 第 71 支店,187392,423,C,718932527
伊藤水産有限会社 第 8 支店,186858,424,C,719119385
高橋情報有限会社 第 83 支店,186746,425,C,719306131
合同会社青田水産 第 83 支店,186019,426,C,719492150
宮沢水産有限会社 第 31 支店,185992,427,C,719678142
合同会社中村鉱業 第 17 支店,185305,428,C,719863447
若松情報合同会社 第 12 支店,185005,429,C,720048452
木村運輸合同会社 第 63 支店,184755,430,C,720233207
浜田鉱業有限会社 第 10 支店,183748,431,C,720416955
有限会社斉藤鉱業 第 3 支店,183441,432,C,720600396
有限会社宇野電気 第 47 支店,183380,433,C,720783776
加藤情報株式会社 第 51 支店,182786,434,C,720966562
有限会社三宅通信 第 50 支店,180978,435,C,721147540
加納食品有限会社 第 15 支店,180325,436,C,721327865
田辺食品株式会社 第 24 支店,177550,437,C,721505415
合同会社中村情報 第 83 支店,177313,438,C,721682728
有限会社大垣運輸 第 92 支店,176078,439,C,721858806
青山電気有限会社 第 46 支店,176052,440,C,722034858
廣川鉱業有限会社 第 2 支店,175664,441,C,722210522
佐々木電気株式会社 第 48 支店,175539,442,C,722386061
有限会社田中運輸 第 14 支店,175259,443,C,722561320
原田通信有限会社 第 58 支店,174161,444,C,722735481
高橋通信合同会社 第 84 支店,174118,445,C,722909599
杉山電気株式会社 第 64 支店,173785,446,C,723083384
合同会社加藤食品 第 76 支店,172840,447,C,723256224
工藤運輸有限会社 第 5 支店,172117,448,C,723428341
合同会社近藤通信 第 53 支店,171452,449,C,723599793
有限会社小泉印刷 第 89 支店,171316,450,C,723771109
若松情報株式会社 第 53 支店,170411,451,C,723941520
株式会社伊藤情報 第 36 支店,170133,452,C,724111653
田中農林株式会社 第 85 支店,169145,453,C,724280798
株式会社三宅情報 第 68 支店,167788,454,C,724448586
笹田運輸有限会社 第 39 支店,167078,455,C,724615664
合同会社江古田農林 第 69 支店,166786,456,C,724782450
村山水産合同会社 第 59 支店,165416,457,C,724947866
津田印刷株式会社 第 22 支店,165339,458,C,725113205
江古田印刷有限会社 第 48 支店,164498,459,C,725277703
合同会社吉田通信 第 99 支店,163627,460,C,725441330
合同会社近藤食品 第 37 支店,163571,461,C,725604901
有限会社井上農林 第 22 支店,162905,462,C,725767806
合同会社高橋印刷 第 11 支店,162302,463,C,725930108
津田情報株式会社 第 80 支店,161948,464,C,726092056
株式会社大垣ガス 第 94 支店,161897,465,C,726253953
斉藤電気株式会社 第 34 支店,161631,466,C,726415584
木村鉱業有限会社 第 99 支店,161490,467,C,726577074
合同会社石田建設 第 35 支店,159779,468,C,726736853
渡辺ガス合同会社 第 8 支店,158495,469,C,726895348
有限会社大垣建設 第 86 支店,157999,470,C,727053347
宇野印刷有限会社 第 99 支店,156514,471,C,727209861
加納建設合同会社 第 95 支店,155187,472,C,727365048
松本運輸株式会社 第 8 支店,154982,473,C,727520030
合同会社中津川建設 第 68 支店,154585,474,C,727674615
宇野情報有限会社 第 67 支店,154581,475,C,727829196
中村印刷合同会社 第 68 支店,154329,476,C,727983525
株式会社田中銀行 第 99 支店,153904,477,C,728137429
有限会社宮沢保険 第 45 支店,153802,478,C,728291231
青田運輸株式会社 第 3 支店,153380,479,C,728444611
合同会社大垣保険 第 21 支店,153349,480,C,728597960
有限会社小林食品 第 53 支店,152846,481,C,728750806
合同会社木村情報 第 75 支店,152139,482,C,728902945
合同会社青山電気 第 66 支店,150958,483,C,729053903
鈴木電気有限会社 第 61 支店,149347,484,C,729203250
合同会社喜嶋通信 第 88 支店,149283,485,C,729352533
喜嶋建設有限会社 第 11 支店,149012,486,C,729501545
合同会社山本情報 第 56 支店,148888,487,C,729650433
山本保険有限会社 第 38 支店,148430,488,C,729798863
小林鉱業合同会社 第 84 支店,148024,489,C,729946887
株式会社田中情報 第 57 支店,147902,490,C,730094789
山口ガス株式会社 第 33 支店,147758,491,C,730242547
近藤農林株式会社 第 72 支店,147322,492,C,730389869
合同会社井上銀行 第 32 支店,146828,493,C,730536697
井上銀行合同会社 第 52 支店,146297,494,C,730682994
有限会社石田印刷 第 43 支店,145210,495,C,730828204
有限会社山田建設 第 41 支店,144378,496,C,730972582
青田情報合同会社 第 81 支店,143518,497,C,731116100
佐藤電気株式会社 第 41 支店,143013,498,C,731259113
青田運輸合同会社 第 40 支店,142626,499,C,731401739
小泉農林有限会社 第 66 支店,142205,500,C,731543944
藤本建設有限会社 第 94 支店,141352,501,C,731685296
三宅ガス株式会社 第 29 支店,141099,502,C,731826395
大垣情報株式会社 第 59 支店,140975,503,C,731967370
中津川ガス有限会社 第 68 支店,140706,504,C,732108076
株式会社渡辺鉱業 第 85 支店,139791,505,C,732247867
宮沢運輸有限会社 第 37 支店,138121,506,C,732385988
田辺建設合同会社 第 17 支店,137764,507,C,732523752
株式会社青田農林 第 9 支店,137230,508,C,732660982
中津川通信株式会社 第 74 支店,136296,509,C,732797278
株式会社加納ガス 第 74 支店,136258,510,C,732933536
木村銀行合同会社 第 69 支店,134970,511,C,733068506
株式会社加藤通信 第 86 支店,134665,512,C,733203171
合同会社伊藤印刷 第 37 支店,134502,513,C,733337673
宮沢運輸株式会社 第 21 支店,133625,514,C,733471298
合同会社喜嶋通信 第 91 支店,133428,515,C,733604726
合同会社三宅通信 第 59 支店,133241,516,C,733737967
株式会社杉山保険 第 31 支店,132701,517,C,733870668
宇野建設有限会社 第 97 支店,131987,518,C,734002655
高橋運輸株式会社 第 87 支店,131549,519,C,734134204
有限会社大垣農林 第 65 支店,131230,520,C,734265434
合同会社藤本農林 第 86 支店,130658,521,C,734396092
合同会社石田農林 第 10 支店,129874,522,C,734525966
山田運輸株式会社 第 21 支店,129254,523,C,734655220
株式会社藤本農林 第 67 支店,126171,524,C,734781391
株式会社小泉電気 第 1 支店,125998,525,C,734907389
宮沢情報合同会社 第 4 支店,125910,526,C,735033299
合同会社廣川鉱業 第 94 支店,125523,527,C,735158822
株式会社鈴木農林 第 81 支店,125450,528,C,735284272
有限会社田中銀行 第 22 支店,125325,529,C,735409597
宮沢鉱業株式会社 第 45 支店,124090,530,C,735533687
有限会社松本電気 第 97 支店,123758,531,C,735657445
大垣鉱業合同会社 第 26 支店,122431,532,C,735779876
株式会社山岸情報 第 70 支店,121790,533,C,735901666
西之園情報株式会社 第 96 支店,121461,534,C,736023127
合同会社吉田食品 第 84 支店,121283,535,C,736144410
三宅通信合同会社 第 57 支店,120777,536,C,736265187
有限会社井上水産 第 93 支店,120762,537,C,736385949
山本食品合同会社 第 32 支店,119831,538,C,736505780
株式会社渡辺情報 第 50 支店,119561,539,C,736625341
有限会社青山水産 第 44 支店,118758,540,C,736744099
山口電気有限会社 第 99 支店,118212,541,C,736862311
桐山電気合同会社 第 57 支店,116870,542,C,736979181
株式会社津田建設 第 70 支店,116476,543,C,737095657
有限会社藤本印刷 第 60 支店,115994,544,C,737211651
株式会社浜田印刷 第 1 支店,115480,545,C,737327131
有限会社坂本情報 第 40 支店,115404,546,C,737442535
村山鉱業有限会社 第 90 支店,115393,547,C,737557928
西之園建設株式会社 第 85 支店,113625,548,C,737671553
株式会社工藤食品 第 86 支店,113410,549,C,737784963
江古田印刷有限会社 第 68 支店,113227,550,C,737898190
合同会社山口建設 第 26 支店,112974,551,C,738011164
株式会社佐々木保険 第 9 支店,112710,552,C,738123874
笹田運輸有限会社 第 4 支店,112661,553,C,738236535
鈴木印刷有限会社 第 84 支店,112535,554,C,738349070
鈴木ガス株式会社 第 89 支店,111926,555,C,738460996
青田建設有限会社 第 67 支店,111883,556,C,738572879
青山運輸合同会社 第 61 支店,111302,557,C,738684181
藤本食品有限会社 第 64 支店,111295,558,C,738795476
笹田建設株式会社 第 47 支店,110989,559,C,738906465
株式会社小林鉱業 第 7 支店,110499,560,C,739016964
佐々木銀行有限会社 第 27 支店,110451,561,C,739127415
桐山保険合同会社 第 89 支店,109531,562,C,739236946
加納農林株式会社 第 22 支店,108500,563,C,739345446
合同会社渡辺運輸 第 81 支店,107603,564,C,739453049
株式会社三宅印刷 第 52 支店,105837,565,C,739558886
佐藤情報株式会社 第 45 支店,105343,566,C,739664229
株式会社杉山保険 第 88 支店,105019,567,C,739769248
合同会社田辺運輸 第 10 支店,104946,568,C,739874194
小泉建設株式会社 第 36 支店,104814,569,C,739979008
株式会社大垣印刷 第 1 支店,104618,570,C,740083626
有限会社山口運輸 第 87 支店,104002,571,C,740187628
中津川ガス株式会社 第 23 支店,103607,572,C,740291235
有限会社高橋銀行 第 5 支店,102960,573,C,740394195
有限会社江古田鉱業 第 66 支店,102896,574,C,740497091
井高鉱業合同会社 第 88 支店,102879,575,C,740599970
工藤銀行株式会社 第 82 支店,102615,576,C,740702585
加藤印刷合同会社 第 43 支店,102537,577,C,740805122
有限会社工藤電気 第 80 支店,102449,578,C,740907571
吉本保険株式会社 第 46 支店,102081,579,C,741009652
田辺ガス合同会社 第 51 支店,102054,580,C,741111706
有限会社大垣情報 第 24 支店,101973,581,C,741213679
合同会社小泉情報 第 76 支店,101966,582,C,741315645
青山保険株式会社 第 65 支店,101582,583,C,741417227
石田食品合同会社 第 22 支店,101361,584,C,741518588
有限会社小泉印刷 第 44 支店,99979,585,C,741618567
株式会社藤本建設 第 66 支店,99647,586,C,741718214
西之園保険合同会社 第 20 支店,99310,587,C,741817524
山岸農林株式会社 第 89 支店,98910,588,C,741916434
斉藤運輸株式会社 第 94 支店,98411,589,C,742014845
有限会社山田電気 第 55 支店,98125,590,C,742112970
有限会社高橋運輸 第 45 支店,97980,591,C,742210950
合同会社藤本建設 第 86 支店,97867,592,C,742308817
加納銀行株式会社 第 38 支店,97771,593,C,742406588
有限会社笹田電気 第 66 支店,97485,594,C,742504073
坂本ガス株式会社 第 48 支店,96693,595,C,742600766
鈴木建設合同会社 第 30 支店,96647,596,C,742697413
大垣ガス有限会社 第 69 支店,96398,597,C,742793811
小林保険有限会社 第 63 支店,95384,598,C,742889195
合同会社村山保険 第 98 支店,94580,599,C,742983775
合同会社田中水産 第 70 支店,94524,600,C,743078299
井高食品株式会社 第 41 支店,94455,601,C,743172754
宮沢情報株式会社 第 43 支店,93670,602,C,743266424
吉田運輸有限会社 第 44 支店,93582,603,C,743360006
株式会社大垣建設 第 42 支店,92819,604,C,743452825
喜嶋印刷株式会社 第 99 支店,92443,605,C,743545268
株式会社近藤印刷 第 83 支店,92327,606,C,743637595
杉山ガス株式会社 第 15 支店,91982,607,C,743729577
有限会社廣川鉱業 第 85 支店,91909,608,C,743821486
有限会社山田ガス 第 51 支店,91659,609,C,743913145
中津川運輸有限会社 第 76 支店,91607,610,C,744004752
合同会社喜嶋ガス 第 87 支店,90968,611,C,744095720
近藤ガス合同会社 第 54 支店,90665,612,C,744186385
桐山銀行合同会社 第 51 支店,90329,613,C,744276714
西之園建設有限会社 第 94 支店,89993,614,C,744366707
有限会社工藤水産 第 31 支店,89678,615,C,744456385
田辺電気株式会社 第 8 支店,89448,616,C,744545833
合同会社中村銀行 第 49 支店,89225,617,C,744635058
株式会社山本農林 第 37 支店,89167,618,C,744724225
津田銀行株式会社 第 21 支店,87352,619,C,744811577
松本銀行合同会社 第 9 支店,86500,620,C,744898077
井上水産有限会社 第 8 支店,85966,621,C,744984043
佐藤食品合同会社 第 4 支店,84653,622,C,745068696
木村情報株式会社 第 73 支店,84514,623,C,745153210
合同会社山田水産 第 66 支店,84366,624,C,745237576
田中ガス合同会社 第 67 支店,84293,625,C,745321869
山岸情報有限会社 第 68 支店,83648,626,C,745405517
株式会社桐山水産 第 10 支店,83230,627,C,745488747
原田印刷有限会社 第 50 支店,82690,628,C,745571437
笹田通信有限会社 第 33 支店,82543,629,C,745653980
有限会社工藤通信 第 38 支店,82381,630,C,745736361
宇野保険有限会社 第 70 支店,82371,631,C,745818732
大垣保険合同会社 第 36 支店,82177,632,C,745900909
原田保険合同会社 第 14 支店,82073,633,C,745982982
伊藤運輸有限会社 第 49 支店,81943,634,C,746064925
合同会社中村建設 第 90 支店,80708,635,C,746145633
株式会社渡辺農林 第 27 支店,80553,636,C,746226186
藤本建設合同会社 第 42 支店,80313,637,C,746306499
村山銀行株式会社 第 61 支店,80163,638,C,746386662
株式会社青山保険 第 45 支店,79895,639,C,746466557
若松運輸株式会社 第 30 支店,78812,640,C,746545369
株式会社小泉運輸 第 52 支店,78761,641,C,746624130
有限会社木村印刷 第 86 支店,78290,642,C,746702420
株式会社加納水産 第 67 支店,75832,643,C,746778252
山岸食品合同会社 第 83 支店,75767,644,C,746854019
津田運輸合同会社 第 91 支店,75388,645,C,746929407
宮沢建設合同会社 第 71 支店,75283,646,C,747004690
井高鉱業合同会社 第 92 支店,75037,647,C,747079727
合同会社野村鉱業 第 12 支店,74976,648,C,747154703
中村情報株式会社 第 18 支店,74486,649,C,747229189
有限会社村山印刷 第 36 支店,74427,650,C,747303616
石田運輸株式会社 第 34 支店,73986,651,C,747377602
株式会社山本食品 第 98 支店,73873,652,C,747451475
有限会社三宅農林 第 18 支店,73096,653,C,747524571
株式会社野村運輸 第 30 支店,73011,654,C,747597582
有限会社廣川建設 第 82 支店,72977,655,C,747670559
坂本建設株式会社 第 40 支店,72590,656,C,747743149
合同会社中津川建設 第 91 支店,71922,657,C,747815071
有限会社渡辺運輸 第 8 支店,71907,658,C,747886978
有限会社喜嶋建設 第 3 支店,71890,659,C,747958868
株式会社松本情報 第 25 支店,71857,660,C,748030725
合同会社山田情報 第 71 支店,71724,661,C,748102449
有限会社渡辺運輸 第 78 支店,71367,662,C,748173816
野村水産株式会社 第 32 支店,71226,663,C,748245042
株式会社村山電気 第 33 支店,71102,664,C,748316144
有限会社中島建設 第 34 支店,71096,665,C,748387240
浜田銀行有限会社 第 23 支店,70905,666,C,748458145
宮沢銀行有限会社 第 55 支店,70888,667,C,748529033
有限会社笹田建設 第 72 支店,70095,668,C,748599128
大垣ガス有限会社 第 59 支店,69780,669,C,748668908
合同会社田中ガス 第 82 支店,69311,670,C,748738219
株式会社高橋ガス 第 38 支店,67795,671,C,748806014
株式会社高橋水産 第 15 支店,67410,672,C,748873424
有限会社野村銀行 第 66 支店,66532,673,C,748939956
原田銀行合同会社 第 10 支店,66002,674,C,749005958
山本建設有限会社 第 75 支店,65963,675,C,749071921
株式会社藤本印刷 第 39 支店,65691,676,C,749137612
渚通信株式会社 第 46 支店,65552,677,C,749203164
鈴木鉱業株式会社 第 77 支店,65274,678,C,749268438
石田農林合同会社 第 44 支店,65045,679,C,749333483
合同会社江古田鉱業 第 48 支店,64931,680,C,749398414
株式会社渚通信 第 35 支店,64690,681,C,749463104
有限会社木村情報 第 98 支店,64437,682,C,749527541
合同会社野村情報 第 53 支店,64354,683,C,749591895
青田印刷合同会社 第 47 支店,63808,684,C,749655703
佐々木情報有限会社 第 55 支店,63493,685,C,749719196
山本水産株式会社 第 38 支店,63146,686,C,749782342
有限会社佐藤鉱業 第 65 支店,62927,687,C,749845269
三宅情報株式会社 第 7 支店,62772,688,C,749908041
杉山印刷株式会社 第 26 支店,62699,689,C,749970740
合同会社笹田情報 第 68 支店,62460,690,C,750033200
井高保険株式会社 第 59 支店,62342,691,C,750095542
有限会社吉本水産 第 46 支店,62193,692,C,750157735
伊藤ガス合同会社 第 29 支店,61980,693,C,750219715
廣川銀行有限会社 第 45 支店,61862,694,C,750281577
合同会社田辺銀行 第 1 支店,61563,695,C,750343140
渡辺農林株式会社 第 39 支店,61521,696,C,750404661
青田食品有限会社 第 66 支店,61148,697,C,750465809
合同会社小林鉱業 第 85 支店,60581,698,C,750526390
青山ガス株式会社 第 2 支店,59486,699,C,750585876
青田印刷合同会社 第 12 支店,59144,700,C,750645020
合同会社喜嶋情報 第 89 支店,59022,701,C,750704042
山岸建設合同会社 第 55 支店,58483,702,C,750762525
有限会社佐々木銀行 第 1 支店,58374,703,C,750820899
加納運輸株式会社 第 8 支店,57610,704,C,750878509
有限会社原田運輸 第 56 支店,57554,705,C,750936063
石田水産有限会社 第 66 支店,57056,706,C,750993119
株式会社佐藤情報 第 39 支店,56956,707,C,751050075
吉本鉱業合同会社 第 36 支店,56701,708,C,751106776
高橋食品有限会社 第 25 支店,56432,709,C,751163208
合同会社中島印刷 第 9 支店,56086,710,C,751219294
吉本ガス合同会社 第 44 支店,55741,711,C,751275035
宮沢農林株式会社 第 58 支店,55497,712,C,751330532
合同会社吉田銀行 第 52 支店,55479,713,C,751386011
桐山農林有限会社 第 74 支店,55412,714,C,751441423
合同会社笹田鉱業 第 64 支店,55126,715,C,751496549
青山水産有限会社 第 8 支店,54934,716,C,751551483
株式会社伊藤ガス 第 27 支店,54418,717,C,751605901
株式会社若松鉱業 第 81 支店,54327,718,C,751660228
合同会社渡辺運輸 第 88 支店,53980,719,C,751714208
中島電気合同会社 第 35 支店,53927,720,C,751768135
株式会社若松銀行 第 49 支店,52896,721,C,751821031
山口運輸有限会社 第 82 支店,52813,722,C,751873844
坂本通信合同会社 第 55 支店,52700,723,C,751926544
佐々木電気株式会社 第 98 支店,52295,724,C,751978839
野村食品株式会社 第 37 支店,51604,725,C,752030443
合同会社原田ガス 第 15 支店,51459,726,C,752081902
合同会社三宅ガス 第 78 支店,50610,727,C,752132512
大垣運輸合同会社 第 50 支店,50569,728,C,752183081
坂本食品株式会社 第 46 支店,49970,729,C,752233051
合同会社野村情報 第 49 支店,49891,730,C,752282942
高橋ガス有限会社 第 89 支店,49693,731,C,752332635
株式会社小林通信 第 85 支店,49634,732,C,752382269
有限会社加納銀行 第 75 支店,49442,733,C,752431711
近藤銀行合同会社 第 6 支店,49432,734,C,752481143
伊藤情報株式会社 第 97 支店,48935,735,C,752530078
笹田保険合同会社 第 60 支店,48734,736,C,752578812
株式会社原田食品 第 95 支店,48461,737,C,752627273
合同会社伊藤運輸 第 52 支店,48450,738,C,752675723
青山電気株式会社 第 56 支店,48196,739,C,752723919
有限会社杉山鉱業 第 20 支店,47969,740,C,752771888
合同会社渡辺運輸 第 80 支店,47849,741,C,752819737
吉田保険株式会社 第 72 支店,47335,742,C,752867072
合同会社鈴木運輸 第 42 支店,47228,743,C,752914300
合同会社伊藤運輸 第 55 支店,46717,744,C,752961017
笹田鉱業有限会社 第 88 支店,46349,745,C,753007366
合同会社津田鉱業 第 35 支店,46185,746,C,753053551
桐山電気株式会社 第 61 支店,45981,747,C,753099532
合同会社山本情報 第 17 支店,45981,748,C,753145513
喜嶋運輸株式会社 第 39 支店,45882,749,C,753191395
三宅情報株式会社 第 40 支店,45881,750,C,753237276
田辺印刷合同会社 第 44 支店,45506,751,C,753282782
青山建設有限会社 第 96 支店,45158,752,C,753327940
合同会社小泉建設 第 52 支店,45064,753,C,753373004
中村運輸株式会社 第 29 支店,44723,754,C,753417727
若松通信合同会社 第 37 支店,44534,755,C,753462261
渚鉱業有限会社 第 18 支店,44375,756,C,753506636
有限会社大垣運輸 第 17 支店,43677,757,C,753550313
株式会社石田農林 第 30 支店,43318,758,C,753593631
渚食品合同会社 第 5 支店,43310,759,C,753636941
合同会社若松水産 第 9 支店,43101,760,C,753680042
株式会社村山印刷 第 71 支店,42772,761,C,753722814
有限会社佐藤運輸 第 53 支店,42468,762,C,753765282
株式会社井高保険 第 69 支店,41896,763,C,753807178
合同会社斉藤農林 第 85 支店,41703,764,C,753848881
合同会社中津川情報 第 35 支店,41667,765,C,753890548
有限会社桐山運輸 第 19 支店,41348,766,C,753931896
株式会社三宅ガス 第 64 支店,40905,767,C,753972801
有限会社鈴木電気 第 35 支店,40797,768,C,754013598
加藤運輸有限会社 第 82 支店,40607,769,C,754054205
合同会社杉山農林 第 40 支店,40535,770,C,754094740
株式会社若松印刷 第 73 支店,40384,771,C,754135124
津田水産株式会社 第 37 支店,40327,772,C,754175451
廣川鉱業有限会社 第 10 支店,39834,773,C,754215285
工藤鉱業合同会社 第 25 支店,39591,774,C,754254876
合同会社原田鉱業 第 10 支店,39219,775,C,754294095
株式会社松本通信 第 77 支店,39083,776,C,754333178
株式会社西之園保険 第 57 支店,38996,777,C,754372174
合同会社村山農林 第 85 支店,38965,778,C,754411139
有限会社藤本食品 第 72 支店,38963,779,C,754450102
松本ガス株式会社 第 17 支店,38814,780,C,754488916
井高運輸有限会社 第 72 支店,38547,781,C,754527463
小泉保険株式会社 第 28 支店,38150,782,C,754565613
喜嶋通信株式会社 第 90 支店,38075,783,C,754603688
斉藤食品合同会社 第 74 支店,37343,784,C,754641031
山田運輸合同会社 第 23 支店,37327,785,C,754678358
株式会社渚情報 第 53 支店,37002,786,C,754715360
株式会社野村運輸 第 42 支店,36937,787,C,754752297
株式会社田中通信 第 50 支店,36745,788,C,754789042
株式会社宮沢電気 第 8 支店,36520,789,C,754825562
杉山保険株式会社 第 6 支店,35917,790,C,754861479
合同会社江古田通信 第 89 支店,35917,791,C,754897396
有限会社田辺鉱業 第 45 支店,35828,792,C,754933224
野村建設有限会社 第 18 支店,35365,793,C,754968589
喜嶋保険株式会社 第 54 支店,35333,794,C,755003922
笹田銀行合同会社 第 35 支店,35291,795,C,755039213
村山食品株式会社 第 12 支店,34904,796,C,755074117
佐藤建設合同会社 第 83 支店,34529,797,C,755108646
株式会社高橋保険 第 39 支店,34241,798,C,755142887
株式会社松本印刷 第 76 支店,34145,799,C,755177032
有限会社井上食品 第 4 支店,34113,800,C,755211145
大垣ガス合同会社 第 52 支店,33528,801,C,755244673
合同会社浜田建設 第 18 支店,33449,802,C,755278122
合同会社大垣農林 第 31 支店,33286,803,C,755311408
浜田通信合同会社 第 77 支店,33159,804,C,755344567
小泉農林合同会社 第 26 支店,33087,805,C,755377654
株式会社桐山ガス 第 91 支店,32981,806,C,755410635
合同会社原田ガス 第 95 支店,32679,807,C,755443314
山田情報株式会社 第 40 支店,32670,808,C,755475984
合同会社山岸鉱業 第 67 支店,32583,809,C,755508567
株式会社喜嶋運輸 第 59 支店,32401,810,C,755540968
合同会社井高印刷 第 30 支店,32391,811,C,755573359
山岸運輸有限会社 第 18 支店,32162,812,C,755605521
西之園銀行有限会社 第 81 支店,32157,813,C,755637678
有限会社青山鉱業 第 63 支店,31888,814,C,755669566
株式会社若松農林 第 90 支店,31496,815,C,755701062
合同会社渚鉱業 第 11 支店,31451,816,C,755732513
渡辺水産合同会社 第 63 支店,31276,817,C,755763789
合同会社加納電気 第 34 支店,31250,818,C,755795039
若松水産合同会社 第 78 支店,30800,819,C,755825839
株式会社田辺鉱業 第 25 支店,30770,820,C,755856609
小林電気株式会社 第 47 支店,30598,821,C,755887207
有限会社井上情報 第 8 支店,30041,822,C,755917248
吉本印刷有限会社 第 67 支店,29964,823,C,755947212
津田保険株式会社 第 98 支店,29803,824,C,755977015
笹田銀行株式会社 第 18 支店,29634,825,C,756006649
喜嶋建設株式会社 第 61 支店,29483,826,C,756036132
杉山電気有限会社 第 65 支店,29450,827,C,756065582
三宅通信合同会社 第 83 支店,29341,828,C,756094923
有限会社山田農林 第 99 支店,29327,829,C,756124250
江古田運輸合同会社 第 64 支店,29177,830,C,756153427
株式会社木村食品 第 76 支店,29170,831,C,756182597
加藤ガス有限会社 第 49 支店,28851,832,C,756211448
宇野ガス株式会社 第 37 支店,28467,833,C,756239915
株式会社加藤ガス 第 8 支店,28409,834,C,756268324
株式会社伊藤建設 第 35 支店,27720,835,C,756296044
中島保険合同会社 第 73 支店,27263,836,C,756323307
合同会社桐山農林 第 4 支店,26993,837,C,756350300
合同会社伊藤鉱業 第 97 支店,26804,838,C,756377104
中津川通信株式会社 第 59 支店,26685,839,C,756403789
有限会社若松電気 第 3 支店,26382,840,C,756430171
小林ガス合同会社 第 90 支店,26193,841,C,756456364
株式会社加納運輸 第 74 支店,25736,842,C,756482100
藤本情報株式会社 第 27 支店,25601,843,C,756507701
中島印刷合同会社 第 51 支店,25525,844,C,756533226
有限会社吉本建設 第 98 支店,25234,845,C,756558460
有限会社浜田鉱業 第 3 支店,25201,846,C,756583661
中島ガス合同会社 第 52 支店,24915,847,C,756608576
合同会社山田水産 第 3 支店,24698,848,C,756633274
坂本情報有限会社 第 3 支店,24426,849,C,756657700
株式会社山口ガス 第 82 支店,24396,850,C,756682096
中村印刷合同会社 第 67 支店,24379,851,C,756706475
有限会社渡辺通信 第 72 支店,24376,852,C,756730851
有限会社渚情報 第 78 支店,24371,853,C,756755222
株式会社津田銀行 第 26 支店,24357,854,C,756779579
井高農林有限会社 第 61 支店,24325,855,C,756803904
宇野銀行株式会社 第 88 支店,24156,856,C,756828060
宇野銀行合同会社 第 36 支店,24115,857,C,756852175
宇野銀行有限会社 第 43 支店,24048,858,C,756876223
佐藤水産有限会社 第 48 支店,23904,859,C,756900127
松本印刷合同会社 第 74 支店,23830,860,C,756923957
渚鉱業株式会社 第 7 支店,23829,861,C,756947786
株式会社山岸ガス 第 79 支店,23804,862,C,756971590
合同会社渡辺ガス 第 70 支店,23398,863,C,756994988
若松保険株式会社 第 47 支店,23238,864,C,757018226
合同会社笹田ガス 第 87 支店,23206,865,C,757041432
原田印刷合同会社 第 49 支店,22967,866,C,757064399
有限会社加納水産 第 78 支店,22926,867,C,757087325
廣川印刷有限会社 第 75 支店,22867,868,C,757110192
笹田食品株式会社 第 68 支店,22832,869,C,757133024
渚水産株式会社 第 95 支店,22715,870,C,757155739
田中電気有限会社 第 1 支店,22566,871,C,757178305
株式会社村山食品 第 37 支店,22408,872,C,757200713
松本印刷合同会社 第 66 支店,22149,873,C,757222862
有限会社小泉電気 第 93 支店,21904,874,C,757244766
山本水産有限会社 第 73 支店,21882,875,C,757266648
若松鉱業有限会社 第 41 支店,21828,876,C,757288476
株式会社井上銀行 第 64 支店,21734,877,C,757310210
合同会社山田電気 第 2 支店,21215,878,C,757331425
山岸銀行株式会社 第 36 支店,21103,879,C,757352528
桐山鉱業合同会社 第 98 支店,21099,880,C,757373627
若松印刷有限会社 第 6 支店,21077,881,C,757394704
合同会社三宅運輸 第 33 支店,20812,882,C,757415516
株式会社青田建設 第 57 支店,20810,883,C,757436326
株式会社佐々木保険 第 36 支店,20617,884,C,757456943
佐々木情報有限会社 第 100 支店,20401,885,C,757477344
若松ガス合同会社 第 52 支店,20279,886,C,757497623
株式会社加納通信 第 99 支店,20124,887,C,757517747
野村建設株式会社 第 79 支店,19415,888,C,757537162
株式会社山田建設 第 43 支店,19094,889,C,757556256
株式会社中島水産 第 38 支店,19003,890,C,757575259
有限会社中村銀行 第 25 支店,18892,891,C,757594151
田中印刷合同会社 第 15 支店,18848,892,C,757612999
工藤銀行株式会社 第 9 支店,18573,893,C,757631572
西之園銀行株式会社 第 13 支店,18522,894,C,757650094
渚情報株式会社 第 99 支店,18466,895,C,757668560
有限会社笹田建設 第 96 支店,18397,896,C,757686957
合同会社田中食品 第 10 支店,18289,897,C,757705246
中島銀行有限会社 第 62 支店,18216,898,C,757723462
佐藤建設株式会社 第 15 支店,17715,899,C,757741177
田辺銀行有限会社 第 6 支店,17571,900,C,757758748
山岸運輸有限会社 第 51 支店,17425,901,C,757776173
村山食品有限会社 第 28 支店,17390,902,C,757793563
合同会社野村農林 第 45 支店,17123,903,C,757810686
有限会社野村銀行 第 22 支店,16882,904,C,757827568
合同会社佐藤情報 第 28 支店,16330,905,C,757843898
合同会社伊藤印刷 第 62 支店,16218,906,C,757860116
有限会社吉田食品 第 41 支店,15907,907,C,757876023
合同会社松本鉱業 第 63 支店,15304,908,C,757891327
杉山食品有限会社 第 65 支店,15032,909,C,757906359
株式会社大垣ガス 第 96 支店,14701,910,C,757921060
有限会社田中印刷 第 72 支店,14546,911,C,757935606
有限会社中津川鉱業 第 41 支店,14521,912,C,757950127
石田情報合同会社 第 24 支店,14392,913,C,757964519
株式会社石田食品 第 1 支店,14316,914,C,757978835
株式会社井高通信 第 9 支店,14196,915,C,757993031
工藤食品合同会社 第 45 支店,14018,916,C,758007049
小林運輸有限会社 第 92 支店,13798,917,C,758020847
有限会社石田運輸 第 33 支店,13731,918,C,758034578
山岸水産合同会社 第 79 支店,13520,919,C,758048098
有限会社大垣ガス 第 14 支店,13416,920,C,758061514
井高ガス合同会社 第 85 支店,13301,921,C,758074815
株式会社若松水産 第 73 支店,13117,922,C,758087932
有限会社中島銀行 第 6 支店,13099,923,C,758101031
有限会社坂本建設 第 17 支店,12992,924,C,758114023
合同会社石田農林 第 90 支店,12985,925,C,758127008
有限会社浜田通信 第 26 支店,12827,926,C,758139835
株式会社佐々木通信 第 77 支店,12696,927,C,758152531
株式会社青田鉱業 第 83 支店,12645,928,C,758165176
原田電気合同会社 第 70 支店,12640,929,C,758177816
宇野ガス有限会社 第 46 支店,12603,930,C,758190419
有限会社廣川保険 第 92 支店,12455,931,C,758202874
有限会社若松水産 第 8 支店,12427,932,C,758215301
山口鉱業株式会社 第 54 支店,11930,933,C,758227231
青山電気合同会社 第 23 支店,11869,934,C,758239100
喜嶋印刷合同会社 第 48 支店,11787,935,C,758250887
加藤通信株式会社 第 71 支店,11687,936,C,758262574
小泉通信株式会社 第 85 支店,11572,937,C,758274146
株式会社青田農林 第 37 支店,11505,938,C,758285651
株式会社野村建設 第 65 支店,11464,939,C,758297115
近藤電気株式会社 第 34 支店,11368,940,C,758308483
木村銀行株式会社 第 98 支店,11206,941,C,758319689
株式会社山本鉱業 第 24 支店,11171,942,C,758330860
青田情報株式会社 第 80 支店,10990,943,C,758341850
江古田保険合同会社 第 88 支店,10600,944,C,758352450
株式会社山田建設 第 14 支店,10352,945,C,758362802
井高通信合同会社 第 1 支店,10351,946,C,758373153
浜田ガス有限会社 第 10 支店,10173,947,C,758383326
株式会社藤本建設 第 27 支店,9711,948,C,758393037
渚ガス有限会社 第 95 支店,9682,949,C,758402719
有限会社木村運輸 第 80 支店,9296,950,C,758412015
伊藤情報株式会社 第 66 支店,9120,951,C,758421135
中島ガス合同会社 第 35 支店,8913,952,C,758430048
坂本通信株式会社 第 6 支店,8887,953,C,758438935
大垣建設株式会社 第 53 支店,8839,954,C,758447774
小泉水産有限会社 第 52 支店,8781,955,C,758456555
有限会社廣川建設 第 13 支店,8703,956,C,758465258
村山ガス有限会社 第 67 支店,8643,957,C,758473901
合同会社宇野通信 第 88 支店,8582,958,C,758482483
株式会社中島鉱業 第 63 支店,8532,959,C,758491015
若松建設合同会社 第 38 支店,8528,960,C,758499543
鈴木食品有限会社 第 92 支店,8526,961,C,758508069
宮沢通信合同会社 第 6 支店,8510,962,C,758516579
中島情報株式会社 第 12 支店,8500,963,C,758525079
株式会社三宅印刷 第 86 支店,8445,964,C,758533524
中島食品株式会社 第 43 支店,8391,965,C,758541915
小泉農林合同会社 第 40 支店,8372,966,C,758550287
有限会社工藤運輸 第 95 支店,8093,967,C,758558380
鈴木鉱業株式会社 第 92 支店,8093,968,C,758566473
有限会社伊藤電気 第 13 支店,8072,969,C,758574545
田辺電気合同会社 第 89 支店,7865,970,C,758582410
石田運輸合同会社 第 5 支店,7830,971,C,758590240
有限会社佐々木銀行 第 59 支店,7792,972,C,758598032
合同会社大垣通信 第 23 支店,7789,973,C,758605821
有限会社津田鉱業 第 64 支店,7778,974,C,758613599
青山情報合同会社 第 68 支店,7758,975,C,758621357
野村水産合同会社 第 90 支店,7735,976,C,758629092
井高水産有限会社 第 26 支店,7662,977,C,758636754
合同会社山田水産 第 47 支店,7576,978,C,758644330
江古田水産株式会社 第 48 支店,7555,979,C,758651885
津田電気有限会社 第 84 支店,7500,980,C,758659385
杉山保険有限会社 第 89 支店,7488,981,C,758666873
有限会社藤本水産 第 43 支店,7473,982,C,758674346
渡辺ガス有限会社 第 34 支店,7384,983,C,758681730
加納銀行株式会社 第 60 支店,7378,984,C,758689108
有限会社佐々木電気 第 63 支店,7351,985,C,758696459
田中農林合同会社 第 90 支店,7316,986,C,758703775
工藤情報有限会社 第 8 支店,7308,987,C,758711083
小林鉱業合同会社 第 44 支店,7282,988,C,758718365
株式会社野村印刷 第 42 支店,7148,989,C,758725513
有限会社青田建設 第 92 支店,7071,990,C,758732584
高橋銀行合同会社 第 67 支店,7052,991,C,758739636
合同会社井高運輸 第 53 支店,6975,992,C,758746611
合同会社佐藤情報 第 62 支店,6934,993,C,758753545
廣川建設有限会社 第 75 支店,6926,994,C,758760471
小泉水産株式会社 第 52 支店,6881,995,C,758767352
坂本農林合同会社 第 97 支店,6821,996,C,758774173
株式会社加藤ガス 第 57 支店,6817,997,C,758780990
浜田農林有限会社 第 78 支店,6800,998,C,758787790
株式会社村山印刷 第 27 支店,6685,999,C,758794475
